%YAML:1.0
a0: !!opencv-matrix
   rows: 152
   cols: 128
   dt: f
   data: [ 24., 20., 0., 0., 0., 0., 0., 0., 133., 89., 0., 0., 0., 0.,
       0., 0., 69., 18., 0., 4., 113., 16., 0., 0., 0., 0., 0., 6., 133.,
       25., 0., 0., 33., 1., 0., 0., 0., 0., 0., 3., 133., 28., 10., 2.,
       0., 0., 0., 20., 90., 17., 34., 99., 87., 2., 1., 3., 0., 0., 1.,
       54., 133., 33., 31., 2., 18., 9., 0., 0., 0., 0., 0., 1., 102.,
       122., 76., 3., 0., 0., 0., 4., 79., 63., 123., 59., 9., 2., 11.,
       36., 22., 3., 2., 15., 22., 70., 113., 59., 0., 2., 0., 0., 0.,
       0., 0., 0., 5., 23., 14., 0., 0., 0., 0., 0., 133., 120., 9., 0.,
       0., 0., 1., 9., 76., 72., 0., 0., 9., 19., 7., 15., 0., 13., 63.,
       0., 0., 10., 51., 0., 0., 13., 50., 0., 0., 15., 94., 2., 3., 11.,
       11., 1., 4., 2., 59., 32., 2., 1., 0., 26., 134., 0., 2., 7., 0.,
       49., 137., 0., 0., 0., 0., 0., 15., 111., 137., 0., 0., 0., 0.,
       0., 79., 126., 48., 3., 10., 0., 0., 1., 7., 5., 0., 41., 137.,
       0., 0., 0., 0., 8., 37., 0., 0., 0., 0., 0., 113., 39., 41., 0.,
       0., 0., 0., 11., 137., 33., 4., 5., 18., 0., 0., 29., 15., 1., 0.,
       48., 137., 0., 0., 1., 1., 0., 0., 0., 0., 0., 0., 0., 101., 22.,
       1., 0., 0., 0., 0., 6., 137., 79., 42., 19., 10., 0., 0., 10., 3.,
       5., 23., 89., 124., 0., 0., 0., 1., 0., 0., 0., 0., 0., 0., 0.,
       115., 24., 0., 0., 0., 0., 0., 0., 136., 46., 0., 0., 4., 1., 0.,
       0., 13., 3., 0., 0., 126., 27., 0., 0., 0., 0., 0., 0., 0., 0.,
       29., 14., 89., 11., 0., 0., 0., 0., 51., 45., 136., 33., 0., 0.,
       1., 0., 7., 46., 29., 3., 0., 0., 89., 46., 2., 2., 36., 3., 1.,
       0., 0., 0., 116., 125., 9., 1., 8., 1., 0., 0., 136., 115., 59.,
       1., 21., 4., 0., 0., 58., 127., 11., 0., 34., 8., 8., 24., 4., 8.,
       71., 75., 60., 2., 0., 0., 9., 28., 2., 8., 136., 32., 0., 0.,
       26., 12., 0., 0., 136., 46., 0., 0., 6., 5., 0., 0., 136., 41.,
       0., 0., 0., 0., 0., 13., 63., 0., 0., 10., 51., 0., 0., 13., 50.,
       0., 0., 15., 94., 2., 3., 11., 11., 1., 4., 2., 59., 32., 2., 1.,
       0., 26., 134., 0., 2., 7., 0., 49., 137., 0., 0., 0., 0., 0., 15.,
       111., 137., 0., 0., 0., 0., 0., 79., 126., 49., 3., 10., 0., 0.,
       1., 7., 5., 0., 41., 137., 0., 0., 0., 0., 8., 37., 0., 0., 0.,
       0., 0., 113., 39., 41., 0., 0., 0., 0., 11., 137., 33., 4., 5.,
       18., 0., 0., 29., 15., 1., 0., 48., 137., 0., 0., 1., 1., 0., 0.,
       0., 0., 3., 13., 0., 102., 18., 0., 0., 0., 1., 6., 8., 137., 77.,
       39., 19., 10., 0., 0., 10., 3., 5., 22., 89., 124., 0., 0., 0.,
       1., 0., 0., 0., 2., 0., 0., 0., 116., 24., 0., 0., 0., 0., 0., 0.,
       137., 46., 0., 0., 4., 1., 0., 0., 13., 3., 0., 0., 126., 27., 0.,
       0., 0., 0., 0., 0., 3., 1., 30., 13., 90., 11., 0., 0., 0., 0.,
       52., 45., 137., 34., 0., 0., 1., 0., 7., 46., 29., 3., 0., 0.,
       90., 46., 2., 2., 30., 3., 1., 0., 2., 2., 118., 123., 9., 1., 8.,
       1., 0., 0., 137., 115., 59., 1., 21., 4., 0., 0., 58., 127., 11.,
       0., 34., 8., 8., 24., 4., 8., 62., 74., 61., 3., 1., 0., 9., 29.,
       2., 8., 137., 32., 0., 0., 26., 12., 0., 0., 137., 47., 0., 0.,
       6., 5., 0., 0., 137., 41., 0., 0., 0., 0., 0., 0., 2., 1., 0., 0.,
       127., 70., 0., 0., 12., 4., 0., 0., 127., 76., 5., 4., 9., 1., 1.,
       0., 32., 53., 1., 1., 0., 8., 91., 0., 0., 3., 0., 0., 95., 77.,
       4., 0., 19., 9., 9., 21., 127., 74., 0., 0., 5., 3., 72., 82.,
       72., 6., 2., 0., 1., 1., 10., 5., 0., 12., 127., 0., 0., 0., 0.,
       0., 53., 76., 75., 78., 0., 0., 77., 16., 82., 35., 8., 13., 0.,
       4., 127., 25., 10., 1., 3., 0., 0., 15., 23., 1., 0., 19., 127.,
       0., 0., 1., 0., 1., 0., 0., 54., 127., 0., 0., 76., 0., 0., 0.,
       26., 88., 1., 12., 127., 0., 0., 0., 4., 1., 0., 21., 14., 0., 0.,
       11., 127., 0., 0., 1., 0., 0., 102., 113., 0., 0., 0., 0., 40.,
       33., 112., 79., 0., 0., 0., 0., 125., 66., 17., 2., 6., 1., 0.,
       0., 9., 2., 0., 1., 125., 16., 0., 0., 0., 0., 27., 35., 3., 58.,
       111., 0., 71., 8., 10., 8., 0., 31., 91., 16., 125., 23., 0., 0.,
       4., 1., 11., 27., 20., 2., 0., 0., 125., 22., 0., 0., 0., 6., 14.,
       0., 0., 60., 125., 0., 8., 2., 4., 0., 0., 69., 125., 21., 75.,
       1., 0., 0., 2., 6., 70., 84., 10., 0., 0., 0., 97., 49., 3., 4.,
       0., 63., 125., 0., 0., 1., 3., 0., 0., 64., 116., 0., 0., 3., 14.,
       1., 0., 33., 74., 0., 0., 1., 10., 6., 0., 13., 28., 0., 5., 18.,
       5., 1., 119., 100., 10., 0., 0., 0., 1., 11., 24., 117., 43., 0.,
       0., 22., 18., 6., 1., 27., 10., 0., 0., 111., 59., 0., 0., 0., 0.,
       0., 0., 132., 88., 0., 8., 96., 29., 0., 0., 0., 0., 0., 24.,
       132., 101., 0., 0., 0., 0., 0., 102., 132., 22., 0., 0., 5., 4.,
       1., 13., 6., 8., 9., 1., 40., 25., 0., 1., 4., 2., 0., 0., 0., 0.,
       0., 127., 38., 6., 0., 0., 0., 0., 18., 132., 30., 1., 4., 5., 0.,
       0., 41., 21., 4., 33., 86., 46., 0., 0., 2., 2., 0., 0., 0., 0.,
       0., 1., 1., 132., 0., 0., 0., 0., 0., 0., 37., 132., 0., 0., 5.,
       21., 0., 0., 52., 6., 0., 5., 58., 132., 3., 1., 2., 0., 0., 0.,
       0., 0., 0., 48., 100., 0., 1., 6., 5., 0., 0., 74., 126., 3., 11.,
       12., 5., 6., 0., 26., 104., 1., 2., 0., 55., 98., 0., 1., 10., 1.,
       1., 18., 42., 0., 0., 54., 122., 8., 10., 82., 126., 0., 0., 20.,
       39., 83., 62., 55., 24., 14., 0., 1., 6., 11., 5., 1., 29., 126.,
       0., 0., 1., 1., 8., 107., 126., 0., 0., 2., 6., 67., 10., 62.,
       123., 0., 0., 0., 6., 126., 13., 9., 6., 23., 0., 0., 29., 14.,
       0., 0., 18., 126., 0., 0., 2., 0., 2., 29., 19., 0., 0., 0., 0.,
       88., 8., 3., 6., 0., 0., 0., 8., 126., 28., 3., 6., 22., 0., 0.,
       18., 7., 2., 2., 25., 126., 0., 0., 2., 0., 0., 0., 0., 0., 21.,
       29., 2., 88., 5., 0., 0., 0., 6., 3., 8., 128., 11., 0., 0., 25.,
       6., 4., 31., 5., 0., 0., 0., 128., 23., 2., 2., 1., 5., 1., 0.,
       0., 128., 98., 7., 69., 6., 0., 0., 0., 123., 58., 11., 128., 25.,
       0., 0., 30., 5., 8., 13., 12., 2., 0., 0., 128., 12., 0., 0., 1.,
       117., 47., 0., 0., 46., 17., 1., 8., 33., 14., 0., 0., 128., 82.,
       11., 81., 4., 0., 0., 22., 24., 53., 61., 8., 0., 0., 0., 128.,
       22., 1., 4., 0., 110., 48., 0., 3., 2., 0., 0., 0., 128., 64., 0.,
       0., 6., 7., 1., 3., 85., 17., 0., 12., 7., 14., 11., 1., 5., 0.,
       0., 119., 54., 1., 1., 0., 0., 0., 0., 0., 4., 88., 2., 0., 0.,
       0., 0., 2., 28., 40., 4., 2., 0., 0., 0., 0., 4., 42., 33., 0.,
       0., 0., 0., 2., 25., 44., 4., 0., 0., 79., 16., 6., 19., 137., 3.,
       21., 1., 23., 50., 83., 92., 59., 10., 137., 2., 0., 3., 16., 17.,
       55., 107., 11., 0., 0., 0., 113., 87., 59., 18., 0., 0., 137.,
       30., 3., 6., 27., 0., 47., 5., 75., 75., 22., 8., 7., 0., 137.,
       11., 1., 5., 17., 1., 0., 5., 32., 1., 0., 0., 137., 12., 0., 1.,
       0., 0., 15., 8., 10., 39., 137., 1., 38., 1., 3., 9., 43., 62.,
       28., 1., 137., 8., 0., 0., 12., 1., 0., 0., 29., 1., 0., 0., 137.,
       6., 0., 0., 11., 7., 41., 89., 17., 1., 20., 52., 29., 78., 64.,
       23., 26., 65., 21., 1., 6., 7., 0., 0., 131., 127., 2., 0., 0.,
       0., 0., 0., 25., 9., 0., 0., 22., 7., 12., 131., 106., 0., 0., 6.,
       131., 69., 24., 36., 29., 2., 0., 16., 34., 10., 6., 72., 131.,
       16., 0., 1., 0., 0., 0., 6., 50., 2., 0., 0., 17., 9., 1., 108.,
       44., 2., 28., 4., 83., 83., 67., 33., 4., 3., 35., 9., 5., 9.,
       47., 131., 56., 13., 11., 0., 0., 0., 0., 9., 13., 1., 0., 0., 0.,
       1., 3., 9., 2., 3., 131., 17., 1., 7., 12., 2., 4., 28., 131.,
       17., 0., 1., 4., 6., 59., 119., 63., 0., 0., 0., 0., 0., 16., 11.,
       0., 0., 39., 110., 21., 0., 0., 0., 0., 0., 8., 59., 120., 69.,
       0., 2., 9., 5., 3., 0., 109., 120., 2., 10., 9., 3., 65., 3., 39.,
       35., 0., 1., 1., 61., 13., 18., 8., 0., 0., 0., 0., 4., 77., 13.,
       33., 9., 3., 12., 39., 102., 20., 0., 6., 8., 69., 113., 56., 33.,
